1895,355,60000,8 ago 2024,12:26,890,23 ago 2024,15:26,123,47858700,355,789321098,567109876
1846,714,20000,9 ago 2024,12:30,567,10 ago 2024,15:30,123,797645:00,714,567321098,345109876
1048,825,20000,10 ago 2024,13:32,234,23 ago 2024,15:32,123,478586:00,825,123876543,890654321
9678,503,20000,2 ago 2024,13:43,345,18 ago 2024,15:43,123,10461927:55,503,123987654,890765432
5345,638,3000,2 ago 2024,13:44,789,10 ago 2024,15:44,123,00:02,638,567210987,345098765
5345,638,3000,2 ago 2024,13:44,789,10 ago 2024,15:44,123,00:02,638,567210987,345098765
9700,355,3000,2 ago 2024,13:44,789,10 ago 2024,14:44,123,00:01,355,890432109,678210987
9609,917,2000,31 ago 2024,13:47,456,2 ago 2025,15:47,123,2,917,890543210,678321098
2719,859,20000,6 ago 2024,14:00,123,17 ago 2024,15:49,678,01:00,859,678098765,456876543
7429,592,2000,1 ago 2024,13:50,567,6 ago 2024,14:58,123,01:08,592,678109876,456987654
